Emotion Distribution:
              Count  Percentage
Joy             346       28.52
Sadness         274       22.59
Anticipation    210       17.31
Trust           110        9.07
Neutral         108        8.90
Disgust          49        4.04
Anger            48        3.96
Surprise         29        2.39
Fear             21        1.73
Reject           18        1.48

Emotions per Review Statistics:
count    1112.000000
mean        1.090827
std         0.411170
min         0.000000
25%         1.000000
50%         1.000000
75%         1.000000
max         4.000000

Histogram Data (Emotions per Review):
Number of Emotions | Count of Reviews
-----------------------------------
        0         |       39       
        1         |       941      
        2         |       125      
        3         |        6       
        4         |        1       


Reviews with Zero Emotions:
------------------------
bf7c136f-0b5c-4475-be79-413d42944e58
908b2c7b-481a-48db-bc43-dafa38895bec
2e1181b9-db57-4e1a-93fa-a3310030ee5d
5eed8c92-b117-4aa3-8f4a-ff72d961eb32
d7ee7c73-2e81-437b-b345-de9b313de200
92aaf120-746a-4cb7-b2b3-488a14eff858
3533cc94-b5d7-4ba3-b03c-914c7baf60d6
92915d25-1870-4faf-bc4c-45599e6f8183
f0e532a2-f0eb-471b-969e-f9020de4d2c5
d3023968-a493-4afe-aa5c-f26f400d5e1e
7f400ec8-17c1-4e4a-8a97-0e8e08553869
d463d99e-e8f8-4bcd-8534-a9a3a9ba3fce
0250aa68-248d-48a0-9818-9cd4f3a8b700
0a2355a0-68e0-4503-80f7-62b03959c7a6
0b644505-2e72-47d2-9115-9712064003cc
119292d8-669a-4f0e-82d2-b03b28fd7b48
11a15914-2109-4a61-8725-d07e782775d1
15a0e6fa-068b-4cc9-afc2-8afb7fe84ee3
2536db3d-1b40-4a9f-ace1-ac78668411cb
70cbc21d-7f90-498c-a8d0-3da47b27f0c3
f340bb6d-7bbb-4af2-af76-d6799081430a
db867503-f32e-497a-b31c-bfaeb3dba9e4
bc72f3d3-804a-46dc-bf5e-42c2b3cb4ec6
eb70267f-a218-44ec-a6c1-448d92dc3d5c
9192910a-871f-4b51-a2cd-a745cb8f83d7
357861df-b652-4ae1-b99b-c1838a25c070
8d894258-488d-4afe-9e1e-3c71a659d6f5
dbf60e06-afe8-4426-a5ae-d6ed725a7256
6920aae0-4c6e-411e-a36d-4cfd52e13394
cc2c2c0f-7b8b-4f9c-a215-338b46255fdb
6202f17c-d2e8-4f85-b65f-6275e8b1a1a4
2a45a3dc-6d04-413e-8465-7d7718f277db
f6bc5855-789e-4e66-8d0a-e190cbdcf67c
5755e8d3-43d3-4fbd-aaa1-a77a48650123
a593025a-b6a3-4dec-823d-e4d31d2fbef0
3c5204a9-8a4b-4ed2-a15d-004a00c99369
886c0854-6eca-453b-9756-536700895c29
fdab20f7-ae14-4510-a73d-e3dd666a3e67
ee80411c-0ee3-4b94-82bb-9833e163ad1e


Phi Correlation Matrix:
                   Joy     Trust      Fear  Surprise   Sadness   Disgust     Anger  Anticipation   Neutral    Reject
Joy           1.000000  0.057081 -0.093244 -0.085602 -0.352752 -0.134832 -0.133191     -0.160510 -0.213869 -0.086209
Trust         0.057081  1.000000 -0.045968 -0.054218 -0.168489 -0.071137 -0.070374     -0.136783 -0.108669 -0.042500
Fear         -0.093244 -0.045968  1.000000  0.018751 -0.018006  0.034592  0.003040     -0.066943 -0.045503 -0.017796
Surprise     -0.085602 -0.054218  0.018751  1.000000 -0.067381 -0.035133 -0.006991     -0.078957 -0.053670 -0.020990
Sadness      -0.352752 -0.168489 -0.018006 -0.067381  1.000000 -0.061759 -0.039302     -0.206588 -0.187542 -0.073347
Disgust      -0.134832 -0.071137  0.034592 -0.035133 -0.061759  1.000000  0.256238     -0.092400 -0.070417 -0.027540
Anger        -0.133191 -0.070374  0.003040 -0.006991 -0.039302  0.256238  1.000000     -0.079872 -0.069662 -0.027244
Anticipation -0.160510 -0.136783 -0.066943 -0.078957 -0.206588 -0.092400 -0.079872      1.000000 -0.158253 -0.061892
Neutral      -0.213869 -0.108669 -0.045503 -0.053670 -0.187542 -0.070417 -0.069662     -0.158253  1.000000 -0.042070
Reject       -0.086209 -0.042500 -0.017796 -0.020990 -0.073347 -0.027540 -0.027244     -0.061892 -0.042070  1.000000

Yule's Q Correlation Matrix:
                   Joy     Trust      Fear  Surprise   Sadness   Disgust     Anger  Anticipation   Neutral  Reject
Joy           1.000000  0.193733 -1.000000 -0.725432 -0.925686 -0.916889 -0.915082     -0.480558 -0.964923    -1.0
Trust         0.193733  1.000000 -1.000000 -1.000000 -0.859378 -1.000000 -1.000000     -0.805576 -1.000000    -1.0
Fear         -1.000000 -1.000000  1.000000  0.309920 -0.165862  0.400872  0.052419     -1.000000 -1.000000    -1.0
Surprise     -0.725432 -1.000000  0.309920  1.000000 -0.638189 -1.000000 -0.119048     -1.000000 -1.000000    -1.0
Sadness      -0.925686 -0.859378 -0.165862 -0.638189  1.000000 -0.414508 -0.250000     -0.721071 -1.000000    -1.0
Disgust      -0.916889 -1.000000  0.400872 -1.000000 -0.414508  1.000000  0.847397     -0.843101 -1.000000    -1.0
Anger        -0.915082 -1.000000  0.052419 -0.119048 -0.250000  0.847397  1.000000     -0.696454 -1.000000    -1.0
Anticipation -0.480558 -0.805576 -1.000000 -1.000000 -0.721071 -0.843101 -0.696454      1.000000 -1.000000    -1.0
Neutral      -0.964923 -1.000000 -1.000000 -1.000000 -1.000000 -1.000000 -1.000000     -1.000000  1.000000    -1.0
Reject       -1.000000 -1.000000 -1.000000 -1.000000 -1.000000 -1.000000 -1.000000     -1.000000 -1.000000     1.0