Emotion Distribution:
Joy             340
Sadness         266
Anticipation    197
Neutral         125
Trust           110
Disgust          67
Surprise         26
Fear             23
Anger            23
Reject           21

Emotions per Review Statistics:
count    1112.000000
mean        1.077338
std         0.277167
min         1.000000
25%         1.000000
50%         1.000000
75%         1.000000
max         3.000000

Histogram Data (Emotions per Review):
Number of Emotions | Count of Reviews
-----------------------------------
        0         |        0       
        1         |      1029      
        2         |       80       
        3         |        3       


Reviews with Zero Emotions:
------------------------


Phi Correlation Matrix:
                   Joy     Trust      Fear  Surprise   Sadness   Disgust     Anger  Anticipation   Neutral    Reject
Joy           1.000000  0.041625 -0.082731 -0.076850 -0.353821 -0.159836 -0.096445     -0.185237 -0.236171 -0.092072
Trust         0.041625  1.000000 -0.048152 -0.051267 -0.171667 -0.083896 -0.048152     -0.130072 -0.117912 -0.045968
Fear         -0.082731 -0.048152  1.000000 -0.022486 -0.066679 -0.036798 -0.021120     -0.067433 -0.051719  0.026257
Surprise     -0.076850 -0.051267 -0.022486  1.000000 -0.086762 -0.039179 -0.022486     -0.071795 -0.055064 -0.021467
Sadness      -0.353821 -0.171667 -0.066679 -0.086762  1.000000 -0.133124 -0.081490     -0.238098 -0.199550 -0.077795
Disgust      -0.159836 -0.083896 -0.036798 -0.039179 -0.133124  1.000000  0.042864     -0.107592 -0.090111 -0.035130
Anger        -0.096445 -0.048152 -0.021120 -0.022486 -0.081490  0.042864  1.000000     -0.050884 -0.051719 -0.020163
Anticipation -0.185237 -0.130072 -0.067433 -0.071795 -0.238098 -0.107592 -0.050884      1.000000 -0.165127 -0.064375
Neutral      -0.236171 -0.117912 -0.051719 -0.055064 -0.199550 -0.090111 -0.051719     -0.165127  1.000000 -0.049373
Reject       -0.092072 -0.045968  0.026257 -0.021467 -0.077795 -0.035130 -0.020163     -0.064375 -0.049373  1.000000

Yule's Q Correlation Matrix:
                   Joy     Trust      Fear  Surprise   Sadness   Disgust     Anger  Anticipation  Neutral    Reject
Joy           1.000000  0.144254 -0.817251 -0.688593 -0.954703 -0.938821 -1.000000     -0.583570     -1.0 -1.000000
Trust         0.144254  1.000000 -1.000000 -1.000000 -0.901561 -1.000000 -1.000000     -0.790872     -1.0 -1.000000
Fear         -0.817251 -1.000000  1.000000 -1.000000 -0.752329 -1.000000 -1.000000     -1.000000     -1.0  0.416832
Surprise     -0.688593 -1.000000 -1.000000  1.000000 -1.000000 -1.000000 -1.000000     -1.000000     -1.0 -1.000000
Sadness      -0.954703 -0.901561 -0.752329 -1.000000  1.000000 -0.914614 -1.000000     -0.901764     -1.0 -1.000000
Disgust      -0.938821 -1.000000 -1.000000 -1.000000 -0.914614  1.000000  0.412170     -0.876823     -1.0 -1.000000
Anger        -1.000000 -1.000000 -1.000000 -1.000000 -1.000000  0.412170  1.000000     -0.656868     -1.0 -1.000000
Anticipation -0.583570 -0.790872 -1.000000 -1.000000 -0.901764 -0.876823 -0.656868      1.000000     -1.0 -1.000000
Neutral      -1.000000 -1.000000 -1.000000 -1.000000 -1.000000 -1.000000 -1.000000     -1.000000      1.0 -1.000000
Reject       -1.000000 -1.000000  0.416832 -1.000000 -1.000000 -1.000000 -1.000000     -1.000000     -1.0  1.000000