Emotion Distribution:
              Count  Percentage
Joy             340       25.91
Sadness         290       22.10
Anticipation    223       17.00
Neutral         151       11.51
Trust           119        9.07
Anger            53        4.04
Surprise         51        3.89
Disgust          38        2.90
Fear             29        2.21
Reject           18        1.37

Emotions per Review Statistics:
count    1112.000000
mean        1.179856
std         0.438914
min         1.000000
25%         1.000000
50%         1.000000
75%         1.000000
max         4.000000

Histogram Data (Emotions per Review):
Number of Emotions | Count of Reviews
-----------------------------------
        0         |        0       
        1         |       934      
        2         |       159      
        3         |       16       
        4         |        3       


Reviews with Zero Emotions:
------------------------


Phi Correlation Matrix:
                   Joy     Trust      Fear  Surprise   Sadness   Disgust     Anger  Anticipation   Neutral    Reject
Joy           1.000000  0.174363 -0.108596 -0.098845 -0.340833 -0.114087 -0.139302     -0.152012 -0.257364 -0.054191
Trust         0.174363  1.000000 -0.020141 -0.048085 -0.192367 -0.065116 -0.077444     -0.144319 -0.120239 -0.044404
Fear         -0.108596 -0.020141  1.000000  0.072020 -0.045790  0.217697  0.016363     -0.053772 -0.064865 -0.020990
Surprise     -0.098845 -0.048085  0.072020  1.000000 -0.042105  0.006086  0.011486     -0.088334 -0.086907 -0.028123
Sadness      -0.340833 -0.192367 -0.045790 -0.042105  1.000000 -0.055356 -0.017515     -0.190065 -0.235445 -0.059958
Disgust      -0.114087 -0.065116  0.217697  0.006086 -0.055356  1.000000  0.167026     -0.081846 -0.074562 -0.024128
Anger        -0.139302 -0.077444  0.016363  0.011486 -0.017515  0.167026  1.000000     -0.090961 -0.088678  0.004753
Anticipation -0.152012 -0.144319 -0.053772 -0.088334 -0.190065 -0.081846 -0.090961      1.000000 -0.185419 -0.064243
Neutral      -0.257364 -0.120239 -0.064865 -0.086907 -0.235445 -0.074562 -0.088678     -0.185419  1.000000 -0.050846
Reject       -0.054191 -0.044404 -0.020990 -0.028123 -0.059958 -0.024128  0.004753     -0.064243 -0.050846  1.000000

Yule's Q Correlation Matrix:
                   Joy     Trust      Fear  Surprise   Sadness   Disgust     Anger  Anticipation   Neutral    Reject
Joy           1.000000  0.502849 -1.000000 -0.618697 -0.877914 -0.889291 -0.921517     -0.444336 -0.975832 -0.563006
Trust         0.502849  1.000000 -0.241014 -0.504527 -0.919672 -1.000000 -1.000000     -0.781054 -0.823440 -1.000000
Fear         -1.000000 -0.241014  1.000000  0.558188 -0.383246  0.860835  0.199651     -0.551684 -1.000000 -1.000000
Surprise     -0.618697 -0.504527  0.558188  1.000000 -0.254064  0.074987  0.116510     -0.731393 -1.000000 -1.000000
Sadness      -0.877914 -0.919672 -0.383246 -0.254064  1.000000 -0.408989 -0.097545     -0.613409 -1.000000 -0.718433
Disgust      -0.889291 -1.000000  0.860835  0.074987 -0.408989  1.000000  0.758013     -0.812045 -1.000000 -1.000000
Anger        -0.921517 -1.000000  0.199651  0.116510 -0.097545  0.758013  1.000000     -0.741098 -1.000000  0.082035
Anticipation -0.444336 -0.781054 -0.551684 -0.731393 -0.613409 -0.812045 -0.741098      1.000000 -0.913976 -1.000000
Neutral      -0.975832 -0.823440 -1.000000 -1.000000 -1.000000 -1.000000 -1.000000     -0.913976  1.000000 -1.000000
Reject       -0.563006 -1.000000 -1.000000 -1.000000 -0.718433 -1.000000  0.082035     -1.000000 -1.000000  1.000000