Emotion Distribution:
              Count  Percentage
Joy             344       26.08
Sadness         289       21.91
Anticipation    222       16.83
Neutral         154       11.68
Trust           120        9.10
Anger            55        4.17
Surprise         52        3.94
Disgust          36        2.73
Fear             30        2.27
Reject           17        1.29

Emotions per Review Statistics:
count    1112.000000
mean        1.186151
std         0.435246
min         1.000000
25%         1.000000
50%         1.000000
75%         1.000000
max         4.000000

Histogram Data (Emotions per Review):
Number of Emotions | Count of Reviews
-----------------------------------
        0         |        0       
        1         |       923      
        2         |       174      
        3         |       12       
        4         |        3       


Reviews with Zero Emotions:
------------------------


Phi Correlation Matrix:
                   Joy     Trust      Fear  Surprise   Sadness   Disgust     Anger  Anticipation   Neutral    Reject
Joy           1.000000  0.187347 -0.111441 -0.102159 -0.338927 -0.111425 -0.143693     -0.149306 -0.257069 -0.067534
Trust         0.187347  1.000000 -0.022136 -0.035851 -0.192886 -0.063618 -0.079338     -0.159205 -0.139448 -0.043336
Fear         -0.111441 -0.022136  1.000000  0.068276 -0.060706  0.251781 -0.012385     -0.055392 -0.050692 -0.020747
Surprise     -0.102159 -0.035851  0.068276  1.000000 -0.043843  0.007618  0.028053     -0.089308 -0.088803 -0.027597
Sadness      -0.338927 -0.192886 -0.060706 -0.043843  1.000000 -0.062051 -0.012238     -0.183107 -0.237589 -0.073836
Disgust      -0.111425 -0.063618  0.251781  0.007618 -0.062051  1.000000  0.145740     -0.065932 -0.073337 -0.022791
Anger        -0.143693 -0.079338 -0.012385  0.028053 -0.012238  0.145740  1.000000     -0.093175 -0.091458  0.005381
Anticipation -0.149306 -0.159205 -0.055392 -0.089308 -0.183107 -0.065932 -0.093175      1.000000 -0.187218 -0.062230
Neutral      -0.257069 -0.139448 -0.050692 -0.088803 -0.237589 -0.073337 -0.091458     -0.187218  1.000000 -0.049957
Reject       -0.067534 -0.043336 -0.020747 -0.027597 -0.073836 -0.022791  0.005381     -0.062230 -0.049957  1.000000

Yule's Q Correlation Matrix:
                   Joy     Trust      Fear  Surprise   Sadness   Disgust     Anger  Anticipation   Neutral    Reject
Joy           1.000000  0.530854 -1.000000 -0.630976 -0.869138 -0.884911 -0.925764     -0.434570 -0.953698 -0.758974
Trust         0.530854  1.000000 -0.262997 -0.339173 -0.920059 -1.000000 -1.000000     -0.887725 -1.000000 -1.000000
Fear         -1.000000 -0.262997  1.000000  0.536404 -0.527596  0.887299 -0.207402     -0.562659 -0.653746 -1.000000
Surprise     -0.630976 -0.339173  0.536404  1.000000 -0.263379  0.093817  0.244911     -0.735016 -1.000000 -1.000000
Sadness      -0.869138 -0.920059 -0.527596 -0.263379  1.000000 -0.484858 -0.066176     -0.591512 -1.000000 -1.000000
Disgust      -0.884911 -1.000000  0.887299  0.093817 -0.484858  1.000000  0.724340     -0.627502 -1.000000 -1.000000
Anger        -0.925764 -1.000000 -0.207402  0.244911 -0.066176  0.724340  1.000000     -0.748913 -1.000000  0.092913
Anticipation -0.434570 -0.887725 -0.562659 -0.735016 -0.591512 -0.627502 -0.748913      1.000000 -0.915454 -1.000000
Neutral      -0.953698 -1.000000 -0.653746 -1.000000 -1.000000 -1.000000 -1.000000     -0.915454  1.000000 -1.000000
Reject       -0.758974 -1.000000 -1.000000 -1.000000 -1.000000 -1.000000  0.092913     -1.000000 -1.000000  1.000000