Emotion Distribution:
              Count  Percentage
Joy             344       26.85
Sadness         283       22.09
Anticipation    207       16.16
Neutral         109        8.51
Trust           108        8.43
Anger            78        6.09
Disgust          56        4.37
Surprise         40        3.12
Reject           30        2.34
Fear             26        2.03

Emotions per Review Statistics:
count    1112.000000
mean        1.151978
std         0.394968
min         1.000000
25%         1.000000
50%         1.000000
75%         1.000000
max         4.000000

Histogram Data (Emotions per Review):
Number of Emotions | Count of Reviews
-----------------------------------
        0         |        0       
        1         |       957      
        2         |       142      
        3         |       12       
        4         |        1       


Reviews with Zero Emotions:
------------------------


Phi Correlation Matrix:
                   Joy     Trust      Fear  Surprise   Sadness   Disgust     Anger  Anticipation   Neutral    Reject
Joy           1.000000  0.003876 -0.103555 -0.108385 -0.346368 -0.145224 -0.183817     -0.170127 -0.214085 -0.111441
Trust         0.003876  1.000000 -0.050748 -0.063355 -0.177685 -0.075528 -0.090081     -0.125649 -0.108120 -0.054612
Fear         -0.103555 -0.050748  1.000000 -0.029889  0.032559 -0.008418  0.004107     -0.074000 -0.051008 -0.025764
Surprise     -0.108385 -0.063355 -0.029889  1.000000 -0.035254 -0.044483  0.003673     -0.079976 -0.063679 -0.032165
Sadness      -0.346368 -0.177685  0.032559 -0.035254  1.000000 -0.030700  0.001207     -0.194564 -0.192610 -0.084546
Disgust      -0.145224 -0.075528 -0.008418 -0.044483 -0.030700  1.000000  0.339294     -0.089004 -0.075915 -0.038345
Anger        -0.183817 -0.090081  0.004107  0.003673  0.001207  0.339294  1.000000     -0.113262 -0.090542 -0.045733
Anticipation -0.170127 -0.125649 -0.074000 -0.079976 -0.194564 -0.089004 -0.113262      1.000000 -0.157661 -0.079636
Neutral      -0.214085 -0.108120 -0.051008 -0.063679 -0.192610 -0.075915 -0.090542     -0.157661  1.000000 -0.054892
Reject       -0.111441 -0.054612 -0.025764 -0.032165 -0.084546 -0.038345 -0.045733     -0.079636 -0.054892  1.000000

Yule's Q Correlation Matrix:
                   Joy     Trust      Fear  Surprise   Sadness   Disgust     Anger  Anticipation  Neutral    Reject
Joy           1.000000  0.014097 -1.000000 -0.798008 -0.897017 -0.927163 -1.000000     -0.516287 -0.96499 -1.000000
Trust         0.014097  1.000000 -1.000000 -1.000000 -0.907403 -1.000000 -1.000000     -0.736470 -1.00000 -1.000000
Fear         -1.000000 -1.000000  1.000000 -1.000000  0.221461 -0.142976  0.050989     -1.000000 -1.00000 -1.000000
Surprise     -0.798008 -1.000000 -1.000000  1.000000 -0.240872 -1.000000  0.037461     -0.805393 -1.00000 -1.000000
Sadness      -0.897017 -0.907403  0.221461 -0.240872  1.000000 -0.173313  0.005412     -0.666432 -1.00000 -0.821787
Disgust      -0.927163 -1.000000 -0.142976 -1.000000 -0.173313  1.000000  0.877012     -0.733479 -1.00000 -1.000000
Anger        -1.000000 -1.000000  0.050989  0.037461  0.005412  0.877012  1.000000     -0.807634 -1.00000 -1.000000
Anticipation -0.516287 -0.736470 -1.000000 -0.805393 -0.666432 -0.733479 -0.807634      1.000000 -1.00000 -1.000000
Neutral      -0.964990 -1.000000 -1.000000 -1.000000 -1.000000 -1.000000 -1.000000     -1.000000  1.00000 -1.000000
Reject       -1.000000 -1.000000 -1.000000 -1.000000 -0.821787 -1.000000 -1.000000     -1.000000 -1.00000  1.000000