Emotion Distribution:
              Count  Percentage
Joy             340       28.22
Sadness         268       22.24
Anticipation    205       17.01
Trust           129       10.71
Neutral         103        8.55
Disgust          71        5.89
Anger            27        2.24
Surprise         24        1.99
Fear             19        1.58
Reject           19        1.58

Emotions per Review Statistics:
count    1112.000000
mean        1.083633
std         0.286545
min         1.000000
25%         1.000000
50%         1.000000
75%         1.000000
max         3.000000

Histogram Data (Emotions per Review):
Number of Emotions | Count of Reviews
-----------------------------------
        0         |        0       
        1         |      1022      
        2         |       87       
        3         |        3       


Reviews with Zero Emotions:
------------------------


Phi Correlation Matrix:
                   Joy     Trust      Fear  Surprise   Sadness   Disgust     Anger  Anticipation   Neutral    Reject
Joy           1.000000  0.015589 -0.072436 -0.085133 -0.351143 -0.165331 -0.104688     -0.179597 -0.212033 -0.087498
Trust         0.015589  1.000000 -0.047762 -0.053803 -0.184436 -0.094607 -0.057146     -0.150497 -0.115742 -0.047762
Fear         -0.072436 -0.047762  1.000000 -0.019582 -0.058071 -0.034433 -0.020799     -0.062682 -0.042125  0.036163
Surprise     -0.085133 -0.053803 -0.019582  1.000000 -0.083693 -0.038788 -0.023429     -0.070610 -0.047453 -0.019582
Sadness      -0.351143 -0.184436 -0.058071 -0.083693  1.000000 -0.138563 -0.088892     -0.240786 -0.180040 -0.074296
Disgust      -0.165331 -0.094607 -0.034433 -0.038788 -0.138563  1.000000  0.030495     -0.114673 -0.083440 -0.034433
Anger        -0.104688 -0.057146 -0.020799 -0.023429 -0.088892  0.030495  1.000000     -0.059929 -0.050401 -0.020799
Anticipation -0.179597 -0.150497 -0.062682 -0.070610 -0.240786 -0.114673 -0.059929      1.000000 -0.151896 -0.062682
Neutral      -0.212033 -0.115742 -0.042125 -0.047453 -0.180040 -0.083440 -0.050401     -0.151896  1.000000 -0.042125
Reject       -0.087498 -0.047762  0.036163 -0.019582 -0.074296 -0.034433 -0.020799     -0.062682 -0.042125  1.000000

Yule's Q Correlation Matrix:
                   Joy     Trust      Fear  Surprise   Sadness   Disgust     Anger  Anticipation  Neutral    Reject
Joy           1.000000  0.051996 -0.780047 -0.824713 -0.943850 -0.942534 -1.000000     -0.552960     -1.0 -1.000000
Trust         0.051996  1.000000 -1.000000 -1.000000 -0.878798 -1.000000 -1.000000     -0.831409     -1.0 -1.000000
Fear         -0.780047 -1.000000  1.000000 -1.000000 -0.706676 -1.000000 -1.000000     -1.000000     -1.0  0.536812
Surprise     -0.824713 -1.000000 -1.000000  1.000000 -1.000000 -1.000000 -1.000000     -1.000000     -1.0 -1.000000
Sadness      -0.943850 -0.878798 -0.706676 -1.000000  1.000000 -0.920469 -1.000000     -0.884629     -1.0 -1.000000
Disgust      -0.942534 -1.000000 -1.000000 -1.000000 -0.920469  1.000000  0.303011     -0.889264     -1.0 -1.000000
Anger        -1.000000 -1.000000 -1.000000 -1.000000 -1.000000  0.303011  1.000000     -0.715117     -1.0 -1.000000
Anticipation -0.552960 -0.831409 -1.000000 -1.000000 -0.884629 -0.889264 -0.715117      1.000000     -1.0 -1.000000
Neutral      -1.000000 -1.000000 -1.000000 -1.000000 -1.000000 -1.000000 -1.000000     -1.000000      1.0 -1.000000
Reject       -1.000000 -1.000000  0.536812 -1.000000 -1.000000 -1.000000 -1.000000     -1.000000     -1.0  1.000000