Emotion Distribution:
              Count  Percentage
Joy             346       28.98
Sadness         269       22.53
Anticipation    206       17.25
Neutral         109        9.13
Trust           106        8.88
Anger            45        3.77
Disgust          42        3.52
Surprise         29        2.43
Fear             24        2.01
Reject           18        1.51

Emotions per Review Statistics:
count    1114.000000
mean        1.071813
std         0.400196
min         0.000000
25%         1.000000
50%         1.000000
75%         1.000000
max         3.000000

Histogram Data (Emotions per Review):
Number of Emotions | Count of Reviews
-----------------------------------
        0         |       48       
        1         |       942      
        2         |       120      
        3         |        4       


Reviews with Zero Emotions:
------------------------
bf7c136f-0b5c-4475-be79-413d42944e58
908b2c7b-481a-48db-bc43-dafa38895bec
568fc006-3c28-454c-9d54-684f342fcd4e
2e1181b9-db57-4e1a-93fa-a3310030ee5d
d7ee7c73-2e81-437b-b345-de9b313de200
92aaf120-746a-4cb7-b2b3-488a14eff858
41ffd2d1-bb27-452b-9084-a3f325948108
3533cc94-b5d7-4ba3-b03c-914c7baf60d6
422691fd-8447-4cd8-9391-1e7f4c6dbc4e
f0e532a2-f0eb-471b-969e-f9020de4d2c5
ead61840-e5a2-4149-bbe5-23ec33643ca3
c66c1235-fb9f-4c5f-a324-bfefdecb7fd8
d3023968-a493-4afe-aa5c-f26f400d5e1e
76de3559-43f3-4a7a-81db-7c3c65d293dd
7f400ec8-17c1-4e4a-8a97-0e8e08553869
7ca7a170-bb52-471b-839e-d69f961117ff
d463d99e-e8f8-4bcd-8534-a9a3a9ba3fce
040d6461-b165-4e47-b974-106191817c42
0a2355a0-68e0-4503-80f7-62b03959c7a6
0b644505-2e72-47d2-9115-9712064003cc
0ca81c4e-16e0-4576-ae7d-94fa1a9611c7
119292d8-669a-4f0e-82d2-b03b28fd7b48
11a15914-2109-4a61-8725-d07e782775d1
15a0e6fa-068b-4cc9-afc2-8afb7fe84ee3
2536db3d-1b40-4a9f-ace1-ac78668411cb
70cbc21d-7f90-498c-a8d0-3da47b27f0c3
ecac045f-dfe7-4a65-b59d-a2cd593ca9d9
a11e2e2e-b174-47aa-9e25-a4eef5a5a2d1
db867503-f32e-497a-b31c-bfaeb3dba9e4
eb70267f-a218-44ec-a6c1-448d92dc3d5c
54c84584-4db8-406d-a0b1-7b7ffa5f3ec0
9192910a-871f-4b51-a2cd-a745cb8f83d7
f040b00b-e79b-4c5c-b835-3ac3795341ef
357861df-b652-4ae1-b99b-c1838a25c070
6920aae0-4c6e-411e-a36d-4cfd52e13394
95697498-7b60-4b74-8538-af3d4784d04e
a0ea5577-a451-48ae-b432-7b5910b2501a
baefc1e3-d9c1-4ec7-8fa4-abc3daa5472c
cc2c2c0f-7b8b-4f9c-a215-338b46255fdb
6202f17c-d2e8-4f85-b65f-6275e8b1a1a4
f6bc5855-789e-4e66-8d0a-e190cbdcf67c
5755e8d3-43d3-4fbd-aaa1-a77a48650123
a593025a-b6a3-4dec-823d-e4d31d2fbef0
3c5204a9-8a4b-4ed2-a15d-004a00c99369
886c0854-6eca-453b-9756-536700895c29
fdab20f7-ae14-4510-a73d-e3dd666a3e67
ff6f672a-98cb-4d15-a366-34ccb6de2682
ee80411c-0ee3-4b94-82bb-9833e163ad1e


Phi Correlation Matrix:
                   Joy     Trust      Fear  Surprise   Sadness   Disgust     Anger  Anticipation   Neutral    Reject
Joy           1.000000  0.079845 -0.099598 -0.085368 -0.356045 -0.122672 -0.137713     -0.164804 -0.207990 -0.086018
Trust         0.079845  1.000000 -0.048119 -0.053016 -0.175818 -0.064187 -0.066533     -0.130819 -0.106795 -0.041558
Fear         -0.099598 -0.048119  1.000000  0.014569 -0.011490  0.003089  0.000958     -0.070678 -0.028058 -0.019016
Surprise     -0.085368 -0.053016  0.014569  1.000000 -0.079070 -0.032360 -0.033543     -0.077871 -0.053841 -0.020951
Sadness      -0.356045 -0.175818 -0.011490 -0.079070  1.000000 -0.056621 -0.062495     -0.220120 -0.185814 -0.072307
Disgust      -0.122672 -0.064187  0.003089 -0.032360 -0.056621  1.000000  0.222695     -0.082141 -0.065186 -0.025366
Anger        -0.137713 -0.066533  0.000958 -0.033543 -0.062495  0.222695  1.000000     -0.085982 -0.067569 -0.026293
Anticipation -0.164804 -0.130819 -0.070678 -0.077871 -0.220120 -0.082141 -0.085982      1.000000 -0.156863 -0.061041
Neutral      -0.207990 -0.106795 -0.028058 -0.053841 -0.185814 -0.065186 -0.067569     -0.156863  1.000000 -0.042205
Reject       -0.086018 -0.041558 -0.019016 -0.020951 -0.072307 -0.025366 -0.026293     -0.061041 -0.042205  1.000000

Yule's Q Correlation Matrix:
                   Joy     Trust      Fear  Surprise   Sadness   Disgust     Anger  Anticipation   Neutral  Reject
Joy           1.000000  0.268136 -1.000000 -0.724791 -0.945539 -0.902232 -1.000000     -0.499837 -0.930658    -1.0
Trust         0.268136  1.000000 -1.000000 -1.000000 -0.948753 -1.000000 -1.000000     -0.792917 -1.000000    -1.0
Fear         -1.000000 -1.000000  1.000000  0.245018 -0.096873  0.053213  0.016521     -1.000000 -0.433353    -1.0
Surprise     -0.724791 -1.000000  0.245018  1.000000 -0.803629 -1.000000 -1.000000     -1.000000 -1.000000    -1.0
Sadness      -0.945539 -0.948753 -0.096873 -0.803629  1.000000 -0.414832 -0.448063     -0.795555 -1.000000    -1.0
Disgust      -0.902232 -1.000000  0.053213 -1.000000 -0.414832  1.000000  0.830981     -0.812985 -1.000000    -1.0
Anger        -1.000000 -1.000000  0.016521 -1.000000 -0.448063  0.830981  1.000000     -0.825172 -1.000000    -1.0
Anticipation -0.499837 -0.792917 -1.000000 -1.000000 -0.795555 -0.812985 -0.825172      1.000000 -1.000000    -1.0
Neutral      -0.930658 -1.000000 -0.433353 -1.000000 -1.000000 -1.000000 -1.000000     -1.000000  1.000000    -1.0
Reject       -1.000000 -1.000000 -1.000000 -1.000000 -1.000000 -1.000000 -1.000000     -1.000000 -1.000000     1.0