Emotion Distribution:
Joy             372
Trust           152
Fear             24
Surprise         54
Sadness         303
Disgust          50
Anger            27
Anticipation    182
Neutral          88
Reject           22

Emotions per Review Statistics:
count    1112.000000
mean        1.145683
std         0.365476
min         1.000000
25%         1.000000
50%         1.000000
75%         1.000000
max         3.000000

Histogram Data (Emotions per Review):
Number of Emotions | Count of Reviews
-----------------------------------
        0         |        0       
        1         |       955      
        2         |       152      
        3         |        5       


Reviews with Zero Emotions:
------------------------


Correlation Matrix:
                   Joy     Trust      Fear  Surprise   Sadness   Disgust     Anger  Anticipation   Neutral    Reject
Joy           1.000000 -0.221094 -0.092189 -0.133579 -0.288367 -0.144646 -0.099464     -0.092135 -0.193728 -0.087042
Trust        -0.221094  1.000000 -0.059099 -0.089896 -0.231760 -0.086339 -0.062770     -0.133573 -0.116648 -0.056531
Fear         -0.092189 -0.059099  1.000000  0.024026 -0.049197  0.027500  0.016776     -0.065703 -0.043539 -0.021100
Surprise     -0.133579 -0.089896  0.024026  1.000000  0.059067 -0.028831  0.018724     -0.099942 -0.066229 -0.032096
Sadness      -0.288367 -0.231760 -0.049197  0.059067  1.000000 -0.103551 -0.030930     -0.161548 -0.179407 -0.086945
Disgust      -0.144646 -0.086339  0.027500 -0.028831 -0.103551  1.000000 -0.034229     -0.084258 -0.063608 -0.030826
Anger        -0.099464 -0.062770  0.016776  0.018724 -0.030930 -0.034229  1.000000     -0.069785 -0.046244 -0.022411
Anticipation -0.092135 -0.133573 -0.065703 -0.099942 -0.161548 -0.084258 -0.069785      1.000000 -0.129684 -0.045394
Neutral      -0.193728 -0.116648 -0.043539 -0.066229 -0.179407 -0.063608 -0.046244     -0.129684  1.000000 -0.041648
Reject       -0.087042 -0.056531 -0.021100 -0.032096 -0.086945 -0.030826 -0.022411     -0.045394 -0.041648  1.000000