Emotion Distribution:
              Count  Percentage
Joy             352       27.16
Sadness         282       21.76
Anticipation    206       15.90
Neutral         116        8.95
Trust           105        8.10
Anger            77        5.94
Disgust          63        4.86
Surprise         41        3.16
Fear             27        2.08
Reject           27        2.08

Emotions per Review Statistics:
count    1112.000000
mean        1.165468
std         0.413056
min         1.000000
25%         1.000000
50%         1.000000
75%         1.000000
max         4.000000

Histogram Data (Emotions per Review):
Number of Emotions | Count of Reviews
-----------------------------------
        0         |        0       
        1         |       944      
        2         |       154      
        3         |       12       
        4         |        2       


Reviews with Zero Emotions:
------------------------


Phi Correlation Matrix:
                   Joy     Trust      Fear  Surprise   Sadness   Disgust     Anger  Anticipation   Neutral    Reject
Joy           1.000000  0.005042 -0.107357 -0.112637 -0.334474 -0.150055 -0.178011     -0.125452 -0.232254 -0.107357
Trust         0.005042  1.000000 -0.030958 -0.063180 -0.159946 -0.079134 -0.088075     -0.130227 -0.110199 -0.050939
Fear         -0.107357 -0.030958  1.000000  0.000139  0.028911  0.062432  0.003001     -0.075221 -0.053835 -0.024885
Surprise     -0.112637 -0.063180  0.000139  1.000000  0.017578 -0.047949 -0.015772     -0.081013 -0.066772 -0.030865
Sadness      -0.334474 -0.159946  0.028911  0.017578  1.000000 -0.053437 -0.004291     -0.208777 -0.198923 -0.078521
Disgust      -0.150055 -0.079134  0.062432 -0.047949 -0.053437  1.000000  0.331543     -0.116856 -0.083634 -0.038659
Anger        -0.178011 -0.088075  0.003001 -0.015772 -0.004291  0.331543  1.000000     -0.120942 -0.093084 -0.043027
Anticipation -0.125452 -0.130227 -0.075221 -0.081013 -0.208777 -0.116856 -0.120942      1.000000 -0.162730 -0.075221
Neutral      -0.232254 -0.110199 -0.053835 -0.066772 -0.198923 -0.083634 -0.093084     -0.162730  1.000000 -0.053835
Reject       -0.107357 -0.050939 -0.024885 -0.030865 -0.078521 -0.038659 -0.043027     -0.075221 -0.053835  1.000000

Yule's Q Correlation Matrix:
                   Joy     Trust      Fear  Surprise   Sadness   Disgust     Anger  Anticipation  Neutral    Reject
Joy           1.000000  0.018433 -1.000000 -0.808905 -0.858667 -0.877088 -0.950000     -0.371029     -1.0 -1.000000
Trust         0.018433  1.000000 -0.467571 -1.000000 -0.811835 -1.000000 -1.000000     -0.791331     -1.0 -1.000000
Fear         -1.000000 -0.467571  1.000000  0.002398  0.195876  0.503021  0.037227     -1.000000     -1.0 -1.000000
Surprise     -0.808905 -1.000000  0.002398  1.000000  0.102167 -1.000000 -0.189750     -0.808957     -1.0 -1.000000
Sadness      -0.858667 -0.811835  0.195876  0.102167  1.000000 -0.299558 -0.019584     -0.724875     -1.0 -0.801726
Disgust      -0.877088 -1.000000  0.503021 -1.000000 -0.299558  1.000000  0.864415     -1.000000     -1.0 -1.000000
Anger        -0.950000 -1.000000  0.037227 -0.189750 -0.019584  0.864415  1.000000     -0.898842     -1.0 -1.000000
Anticipation -0.371029 -0.791331 -1.000000 -0.808957 -0.724875 -1.000000 -0.898842      1.000000     -1.0 -1.000000
Neutral      -1.000000 -1.000000 -1.000000 -1.000000 -1.000000 -1.000000 -1.000000     -1.000000      1.0 -1.000000
Reject       -1.000000 -1.000000 -1.000000 -1.000000 -0.801726 -1.000000 -1.000000     -1.000000     -1.0  1.000000