Emotion Distribution:
Joy             402
Sadness         230
Neutral         210
Anticipation    154
Trust            73
Disgust          58
Anger            50
Fear             22
Reject           20
Surprise         10

Emotions per Review Statistics:
count    1113.000000
mean        1.104223
std         0.381579
min         0.000000
25%         1.000000
50%         1.000000
75%         1.000000
max         3.000000

Histogram Data (Emotions per Review):
Number of Emotions | Count of Reviews
-----------------------------------
        0         |       24       
        1         |       954      
        2         |       130      
        3         |        5       


Reviews with Zero Emotions:
------------------------
cbd741b7-5ff7-4f44-8b4b-3b0b2652d633
c7e52a15-bf36-4ba4-8d41-350caeed34eb
422691fd-8447-4cd8-9391-1e7f4c6dbc4e
5c20cea4-9fe4-4533-bea4-5aa575df929d
f9d45d8e-b195-4b98-a29c-488c34b87129
bf86f3df-0396-4442-879c-94180bb1cc61
48ffb6f9-f67c-4828-a318-92ccd48391a0
476dcb98-2d20-4e2d-b83a-2af4b5dc0175
46224d7c-18fc-4578-8267-8428f08f4634
54f4e1a1-7215-4207-9b00-4edca4c6b2c6
0285cde0-a37a-4990-81ac-95741002186f
03e332d2-74ea-4736-bb72-5f0fafd269e8
0d699368-d8fe-4deb-949d-d2096e9304bd
119292d8-669a-4f0e-82d2-b03b28fd7b48
11da7e1d-b1a4-438b-acf8-8cc7fd538187
247e1850-a82b-4c80-9afe-1747842eaa17
a11e2e2e-b174-47aa-9e25-a4eef5a5a2d1
4607f603-8960-466f-9838-32b0078942f6
7ec260e8-660f-400f-bbce-4fcac1d1a01b
6d0c82b4-df7c-466e-95bd-f09205c6ee1b
6097c445-2867-429c-be40-360f3a80664e
bccfca5f-dbb8-493c-b579-f4aec46b890b
a593025a-b6a3-4dec-823d-e4d31d2fbef0
nan


Phi Correlation Matrix:
                   Joy     Trust      Fear  Surprise   Sadness   Disgust     Anger  Anticipation   Neutral    Reject
Joy           1.000000  0.208787 -0.093339 -0.071596 -0.360664 -0.167890 -0.163078     -0.171307 -0.362614 -0.087634
Trust         0.208787  1.000000 -0.011549 -0.025227 -0.108326 -0.062120 -0.057460     -0.095657 -0.118489 -0.035838
Fear         -0.093339 -0.011549  1.000000  0.054883 -0.056533 -0.004253  0.000364     -0.056905 -0.068480 -0.019209
Surprise     -0.071596 -0.025227  0.054883  1.000000 -0.048595  0.020516  0.025318     -0.038156 -0.045917 -0.012880
Sadness      -0.360664 -0.108326 -0.056533 -0.048595  1.000000 -0.049777  0.060715     -0.114547 -0.246121 -0.069038
Disgust      -0.167890 -0.062120 -0.004253  0.020516 -0.049777  1.000000  0.124797     -0.093959 -0.113072 -0.031717
Anger        -0.163078 -0.057460  0.000364  0.025318  0.060715  0.124797  1.000000     -0.086910 -0.104589 -0.029338
Anticipation -0.171307 -0.095657 -0.056905 -0.038156 -0.114547 -0.093959 -0.086910      1.000000 -0.193249 -0.054207
Neutral      -0.362614 -0.118489 -0.068480 -0.045917 -0.246121 -0.113072 -0.104589     -0.193249  1.000000 -0.047947
Reject       -0.087634 -0.035838 -0.019209 -0.012880 -0.069038 -0.031717 -0.029338     -0.054207 -0.047947  1.000000

Yule's Q Correlation Matrix:
                   Joy     Trust      Fear  Surprise   Sadness   Disgust     Anger  Anticipation   Neutral    Reject
Joy           1.000000  0.699318 -0.848535 -1.000000 -0.947033 -0.944366 -1.000000     -0.557923 -1.000000 -0.833474
Trust         0.699318  1.000000 -0.194785 -1.000000 -0.733864 -1.000000 -1.000000     -0.850962 -0.895333 -1.000000
Fear         -0.848535 -0.194785  1.000000  0.702596 -0.695997 -0.073061  0.006277     -1.000000 -1.000000 -1.000000
Surprise     -1.000000 -1.000000  0.702596  1.000000 -1.000000  0.341886  0.410033     -1.000000 -1.000000 -1.000000
Sadness      -0.947033 -0.733864 -0.695997 -1.000000  1.000000 -0.322673  0.302397     -0.488116 -1.000000 -1.000000
Disgust      -0.944366 -1.000000 -0.073061  0.341886 -0.322673  1.000000  0.639156     -1.000000 -1.000000 -1.000000
Anger        -1.000000 -1.000000  0.006277  0.410033  0.302397  0.639156  1.000000     -1.000000 -1.000000 -1.000000
Anticipation -0.557923 -0.850962 -1.000000 -1.000000 -0.488116 -1.000000 -1.000000      1.000000 -1.000000 -1.000000
Neutral      -1.000000 -0.895333 -1.000000 -1.000000 -1.000000 -1.000000 -1.000000     -1.000000  1.000000 -0.635839
Reject       -0.833474 -1.000000 -1.000000 -1.000000 -1.000000 -1.000000 -1.000000     -1.000000 -0.635839  1.000000