Emotion Distribution:
              Count  Percentage
Joy             340       28.24
Sadness         265       22.01
Anticipation    204       16.94
Trust           119        9.88
Neutral         112        9.30
Disgust          69        5.73
Anger            27        2.24
Fear             26        2.16
Surprise         23        1.91
Reject           19        1.58

Emotions per Review Statistics:
count    1112.000000
mean        1.082734
std         0.285233
min         1.000000
25%         1.000000
50%         1.000000
75%         1.000000
max         3.000000

Histogram Data (Emotions per Review):
Number of Emotions | Count of Reviews
-----------------------------------
        0         |        0       
        1         |      1023      
        2         |       86       
        3         |        3       


Reviews with Zero Emotions:
------------------------


Phi Correlation Matrix:
                   Joy     Trust      Fear  Surprise   Sadness   Disgust     Anger  Anticipation   Neutral    Reject
Joy           1.000000  0.003884 -0.089767 -0.096445 -0.348297 -0.162601 -0.104688     -0.173352 -0.222096 -0.087498
Trust         0.003884  1.000000 -0.053564 -0.050309 -0.179977 -0.089039 -0.054609     -0.141537 -0.115853 -0.045642
Fear         -0.089767 -0.053564  1.000000 -0.022486 -0.058611 -0.039797 -0.024408     -0.073341 -0.051782  0.025521
Surprise     -0.096445 -0.050309 -0.022486  1.000000 -0.081289 -0.037379 -0.022925     -0.068885 -0.048636 -0.019161
Sadness      -0.348297 -0.179977 -0.058611 -0.081289  1.000000 -0.143868 -0.060810     -0.237859 -0.187193 -0.073748
Disgust      -0.162601 -0.089039 -0.039797 -0.037379 -0.143868  1.000000  0.104735     -0.112283 -0.086078 -0.033912
Anger        -0.104688 -0.054609 -0.024408 -0.022925 -0.060810  0.104735  1.000000     -0.059676 -0.052793 -0.020799
Anticipation -0.173352 -0.141537 -0.073341 -0.068885 -0.237859 -0.112283 -0.059676      1.000000 -0.158628 -0.062494
Neutral      -0.222096 -0.115853 -0.051782 -0.048636 -0.187193 -0.086078 -0.052793     -0.158628  1.000000 -0.044124
Reject       -0.087498 -0.045642  0.025521 -0.019161 -0.073748 -0.033912 -0.020799     -0.062494 -0.044124  1.000000

Yule's Q Correlation Matrix:
                   Joy     Trust      Fear  Surprise   Sadness   Disgust     Anger  Anticipation  Neutral    Reject
Joy           1.000000  0.013578 -0.837996      -1.0 -0.942895 -0.940731 -1.000000     -0.533855     -1.0 -1.000000
Trust         0.013578  1.000000 -1.000000      -1.0 -0.909404 -1.000000 -1.000000     -0.815040     -1.0 -1.000000
Fear         -0.837996 -1.000000  1.000000      -1.0 -0.586328 -1.000000 -1.000000     -1.000000     -1.0  0.407115
Surprise     -1.000000 -1.000000 -1.000000       1.0 -1.000000 -1.000000 -1.000000     -1.000000     -1.0 -1.000000
Sadness      -0.942895 -0.909404 -0.586328      -1.0  1.000000 -1.000000 -0.599951     -0.882139     -1.0 -1.000000
Disgust      -0.940731 -1.000000 -1.000000      -1.0 -1.000000  1.000000  0.645070     -0.885277     -1.0 -1.000000
Anger        -1.000000 -1.000000 -1.000000      -1.0 -0.599951  0.645070  1.000000     -0.713636     -1.0 -1.000000
Anticipation -0.533855 -0.815040 -1.000000      -1.0 -0.882139 -0.885277 -0.713636      1.000000     -1.0 -1.000000
Neutral      -1.000000 -1.000000 -1.000000      -1.0 -1.000000 -1.000000 -1.000000     -1.000000      1.0 -1.000000
Reject       -1.000000 -1.000000  0.407115      -1.0 -1.000000 -1.000000 -1.000000     -1.000000     -1.0  1.000000