Emotion Distribution:
              Count  Percentage
Joy             349       27.08
Sadness         284       22.03
Anticipation    207       16.06
Trust           118        9.15
Neutral         109        8.46
Anger            75        5.82
Disgust          56        4.34
Surprise         38        2.95
Reject           28        2.17
Fear             25        1.94

Emotions per Review Statistics:
count    1112.000000
mean        1.159173
std         0.414441
min         1.000000
25%         1.000000
50%         1.000000
75%         1.000000
max         4.000000

Histogram Data (Emotions per Review):
Number of Emotions | Count of Reviews
-----------------------------------
        0         |        0       
        1         |       955      
        2         |       138      
        3         |       18       
        4         |        1       


Reviews with Zero Emotions:
------------------------


Phi Correlation Matrix:
                   Joy     Trust      Fear  Surprise   Sadness   Disgust     Anger  Anticipation   Neutral    Reject
Joy           1.000000  0.006077 -0.102567 -0.105882 -0.324990 -0.146883 -0.174156     -0.139239 -0.222953 -0.108696
Trust         0.006077  1.000000 -0.052252 -0.064809 -0.181699 -0.079343 -0.092659     -0.127273 -0.113582 -0.055375
Fear         -0.102567 -0.052252  1.000000 -0.028526  0.022467 -0.007184  0.007591     -0.072530 -0.049994 -0.024374
Surprise     -0.105882 -0.064809 -0.028526  1.000000 -0.019354 -0.043316  0.008626     -0.077243 -0.062009 -0.030231
Sadness      -0.324990 -0.181699  0.022467 -0.019354  1.000000 -0.021709  0.023396     -0.211219 -0.193066 -0.094126
Disgust      -0.146883 -0.079343 -0.007184 -0.043316 -0.021709  1.000000  0.315196     -0.099569 -0.075915 -0.037011
Anger        -0.174156 -0.092659  0.007591  0.008626  0.023396  0.315196  1.000000     -0.119406 -0.088655 -0.043222
Anticipation -0.139239 -0.127273 -0.072530 -0.077243 -0.211219 -0.099569 -0.119406      1.000000 -0.157661 -0.076864
Neutral      -0.222953 -0.113582 -0.049994 -0.062009 -0.193066 -0.075915 -0.088655     -0.157661  1.000000 -0.052982
Reject       -0.108696 -0.055375 -0.024374 -0.030231 -0.094126 -0.037011 -0.043222     -0.076864 -0.052982  1.000000

Yule's Q Correlation Matrix:
                   Joy     Trust      Fear  Surprise   Sadness   Disgust     Anger  Anticipation  Neutral  Reject
Joy           1.000000  0.021128 -1.000000 -0.791481 -0.836977 -0.928658 -0.947884     -0.414758     -1.0    -1.0
Trust         0.021128  1.000000 -1.000000 -1.000000 -0.875834 -1.000000 -1.000000     -0.704323     -1.0    -1.0
Fear         -1.000000 -1.000000  1.000000 -1.000000  0.160644 -0.122449  0.094146     -1.000000     -1.0    -1.0
Surprise     -0.791481 -1.000000 -1.000000  1.000000 -0.129296 -1.000000  0.087948     -0.795524     -1.0    -1.0
Sadness      -0.836977 -0.875834  0.160644 -0.129296  1.000000 -0.119760  0.102276     -0.728953     -1.0    -1.0
Disgust      -0.928658 -1.000000 -0.122449 -1.000000 -0.119760  1.000000  0.861658     -0.860427     -1.0    -1.0
Anger        -0.947884 -1.000000  0.094146  0.087948  0.102276  0.861658  1.000000     -0.896610     -1.0    -1.0
Anticipation -0.414758 -0.704323 -1.000000 -0.795524 -0.728953 -0.860427 -0.896610      1.000000     -1.0    -1.0
Neutral      -1.000000 -1.000000 -1.000000 -1.000000 -1.000000 -1.000000 -1.000000     -1.000000      1.0    -1.0
Reject       -1.000000 -1.000000 -1.000000 -1.000000 -1.000000 -1.000000 -1.000000     -1.000000     -1.0     1.0